2 337
2 547
2 213
2 184
2 252
2 987
2 173
2 893
2 74
2 209
3 498
5
4
5
4
3 117
5
4
3 68
4
1 255
1 985
1 826
1 991
1 182
1 819
1 81
1 312
1 111
1 146
2 870
2 909
2 299
2 560
2 103
2 726
2 946
2 543
2 416
2 443
5
3 303
3 266
3 191
3 708
4
3 704
4
3 86
4
1 273
1 671
1 872
1 39
1 298
1 966
1 289
1 893
1 371
1 853
2 403
2 39
2 385
2 704
2 723
2 697
2 718
2 961
2 757
2 677
4
5
4
3 215
3 956
5
4
4
4
4
1 451
1 572
1 187
1 226
1 323
1 161
1 692
1 997
1 52
1 820
2 434
2 583
2 282
2 768
2 652
2 306
2 260
2 821
2 2
2 28
3 389
3 610
3 121
5
4
5
3 348
3 721
4
5
1 142
1 398
1 895
1 155
1 49
1 800
1 485
1 148
1 176
1 522
2 967
2 713
2 367
2 143
2 504
2 277
2 32
2 471
2 343
2 30
5
5
5
3 856
4
4
5
5
3 513
3 80
1 236
1 823
1 575
1 680
1 153
1 208
1 7
1 786
1 340
1 291
2 234
2 894
2 410
2 831
2 814
2 147
2 802
2 680
2 14
2 147
3 343
3 631
5
5
4
3 264
5
4
3 759
5
1 257
1 59
1 705
1 398
1 619
1 870
1 779
1 151
1 863
1 425
2 767
2 257
2 496
2 975
2 433
2 886
2 574
2 330
2 356
2 381
5
5
4
5
4
4
5
5
5
5
1 760
1 882
1 350
1 974
1 358
1 259
1 755
1 887
1 671
1 60
2 798
2 568
2 393
2 39
2 595
2 727
2 116
2 957
2 601
2 732
4
3 538
3 473
5
5
4
5
4
5
4
1 388
1 712
1 894
1 176
1 830
1 621
1 902
1 881
1 512
1 902
2 331
2 698
2 479
2 183
2 214
2 466
2 888
2 608
2 942
2 734
3 466
4
5
3 235
4
5
3 137
3 740
4
4
1 995
1 608
1 112
1 111
1 955
1 839
1 266
1 757
1 865
1 975
2 130
2 242
2 608
2 247
2 376
2 307
2 431
2 467
2 955
2 85
5
4
3 499
5
5
5
5
3 766
3 193
5
1 376
1 530
1 292
1 187
1 845
1 418
1 892
1 245
1 422
1 580
