24537
5023
5774
11755
22150
25359
29461
2066
2080
24658
20057
24930
3613
7894
3741
25953
2810
2034
17776
14006
20690
14118
10973
19853
22063
27557
22755
5437
27936
13072
23333
3368
28812
12677
26337
28899
23493
10968
20262
11160
96
12576
2370
6824
20037
7286
21882
25492
25090
12281
24575
24861
19813
4118
28189
27562
20041
28166
27572
235
26544
3223
27884
3772
4370
560
30757
25932
28661
23567
11309
5246
20414
1750
5814
14479
19399
8262
20231
31226
24497
5706
10481
17560
20988
14135
5125
31244
11476
5970
31492
9054
14638
28563
14231
26086
12308
22952
28224
16236
24602
23383
2610
1501
31834
5590
26174
9057
4632
1
17099
25811
20407
11141
21601
12267
14882
10090
21623
25747
19624
28825
16358
29073
19211
19356
22942
7271
31187
27558
17815
119
12520
2771
20491
2411
31840
22448
13539
27860
16278
23550
31599
26385
3708
16563
14937
16243
12594
4930
22492
22431
1495
28700
6705
18995
13471
13943
7242
23724
27173
10574
31427
18567
3075
8617
19734
8102
7073
13854
16142
20470
15178
31640
24190
2639
2437
17239
28978
4251
18082
31288
26406
12091
30867
3383
15606
26022
253
30514
25238
595
22927
23536
31299
13786
27283
21601
953
24918
24700
18155
14247
2505
13591
25088
21243
19542
8460
12167
12661
27132
29213
16010
32005
8121
222
5791
11008
10591
1641
1733
8051
10135
31316
23440
6838
10021
3296
16518
9540
11630
4467
20680
28105
28215
27977
6901
19837
3759
24166
7243
26289
6576
11983
30479
4519
2370
10233
26671
2983
2401
23170
16423
7247
22528
3615
25377
9515
26189
28118
5216
20358
7991
17517
4318
19583
30509
23842
15668
23391
10537
23708
27323
2601
17646
9762
30705
25715
29326
8459
20510
1141
3886
29301
3639
14944
1805
32570
18178
15857
4291
18976
15995
7749
11719
592
3191
25583
5172
24798
12928
25884
3508
28116
11818
16313
30028
12288
24333
8224
28454
5251
20880
9642
3976
18330
1492
394
28203
16427
7409
32512
23965
10653
27523
23503
12772
8173
5478
1264
23140
29182
5821
2952
21251
24113
24121
26136
12426
32054
23704
20979
19534
20258
11627
26870
21265
7873
15645
16243
15139
12077
4145
7790
26060
26527
4043
11788
28655
29062
32626
9288
30183
31958
20
19432
20149
7843
17482
30639
605
32238
23006
13781
32653
17087
11403
22452
21632
31604
9731
8644
28450
27736
3895
14281
10357
32119
5842
6475
7987
15025
8454
16967
9653
6670
17548
17444
18195
24863
31288
22719
26022
5032
24816
13026
4251
14839
32443
5266
29335
22045
24127
27502
23058
30402
9548
4240
7177
15361
22116
5128
417
7801
19323
23689
14606
11424
19963
28515
19891
12891
28683
29873
27530
32460
2833
19412
29127
15467
1909
17440
6328
3929
20905
19924
12016
28145
8294
14160
12708
26527
28728
19074
17493
19957
22588
24226
19375
29691
7208
12831
12210
30663
8077
8409
2319
19022
7769
2704
15829
27002
20128
32156
20812
125
20380
31199
27425
25188
2546
24569
22980
4847
25910
24762
5135
20896
30386
221
32296
23314
3427
1267
30120
21644
16197
22941
26877
24961
26060
1588
27026
19557
11546
8095
14736
18667
11841
829
30656
30851
28996
5138
18913
15741
5249
26394
24789
30146
27792
29589
14247
19906
23406
7586
17356
16301
8923
20239
31401
4838
13824
4720
20566
28597
20053
25710
5026
23356
18370
12130
19287
12204
2053
9507
30911
25784
30035
27419
25446
15434
16450
19617
21026
10101
1254
26499
21841
30636
1850
1761
1634
12337
3778
8258
24727
3023
9583
9953
5896
2764
15811
10568
3052
7450
1077
27936
19732
15565
24535
32072
14776
3282
26166
24100
13686
20445
18050
23608
3224
19363
28655
10485
28054
27722
30554
14802
7131
25190
24784
6896
7522
20681
24273
29359
6435
27598
7460
23243
971
7708
7591
18494
20163
25225
17063
23472
348
10031
30114
32051
13749
26306
11089
24624
23774
27681
26853
929
3645
29738
11922
641
26161
8659
27466
18561
14326
30838
24011
32509
5833
20589
1755
17966
31308
31199
4306
3745
555
473
20570
9960
7424
19873
17011
20879
5748
71
11194
30546
20647
24188
15594
18828
11475
9383
24739
26867
26412
822
5738
25731
27146
13618
32498
9400
23625
25879
32153
5888
28400
21474
4918
11632
11794
30315
22034
1718
22770
31989
11060
21071
1386
30980
9442
17658
4750
25255
10376
3732
30036
30365
4504
26072
13426
30150
15571
20285
1852
24502
10838
3585
6477
4529
25119
27319
12089
8965
12053
4667
22969
23453
2888
24811
25608
30932
8571
28180
396
13447
2016
27563
32441
17006
6178
11838
31027
14252
2216
28969
25394
4260
11033
11021
22059
18703
29723
1662
30893
14923
12385
21244
31625
13302
2788
549
29237
700
18544
1320
2674
22893
23651
7805
26413
20563
15026
31700
8867
28354
2860
11339
15305
29424
8707
18147
29419
19463
24968
21813
22931
31353
26934
22113
6572
19092
13810
28232
14311
7510
6033
5371
21854
13186
8091
23154
13432
25320
28737
567
19782
7280
17502
22785
20416
32702
23682
17327
2733
8527
14084
21444
25559
16601
407
31165
23831
7899
26760
10052
32189
20601
27456
24998
27441
1415
23056
22663
29915
29924
24878
21717
5953
25353
17658
5114
14959
30433
13190
25430
12188
20700
20310
4076
12810
6207
22372
32347
28462
29374
4199
32529
23057
6732
21333
12987
19958
1330
25895
4863
17469
21598
31708
29550
8583
31742
5312
3764
24091
23118
32750
29714
3465
12462
17684
26895
2445
13048
17782
4970
17461
8464
16182
32594
1350
7869
5586
21977
5853
15799
1006
22439
9554
28161
6740
28651
22113
25353
5149
15369
31039
12122
24002
21141
23911
1210
27737
15848
3174
540
15708
13990
2332
22637
20820
16704
29701
23750
17729
29128
4031
2791
6972
8708
28358
3041
30299
19905
11907
5394
19925
2409
25477
13142
23398
18136
6926
22140
18677
23660
5585
12535
24949
603
8186
16342
18697
14922
10863
3831
107
21787
2389
3447
14222
2822
31703
1644
13186
23019
24866
4567
19353
7654
16052
4564
16840
6181
31703
4116
31311
22518
30312
3981
22172
14884
21725
9840
14189
29316
14727
29788
27190
21451
15123
18641
1474
18850
18007
3559
31260
14589
19788
19264
22448
15016
26454
423
908
836
8
260
969
920
804
515
974
321
582
914
74
180
158
468
557
518
646
915
68
913
80
936
966
143
25
743
832
212
229
514
861
737
387
738
762
493
154
597
818
879
460
164
118
146
442
116
303
112
104
136
926
418
875
429
436
806
328
646
525
187
766
9
155
353
407
609
896
36
547
157
636
147
470
153
88
988
827
420
881
970
737
858
889
233
101
331
403
9
759
164
838
129
305
948
164
286
694
488
268
672
755
176
968
633
794
66
85
363
463
939
321
271
471
772
613
365
619
849
775
297
532
84
534
330
858
226
549
695
979
222
956
890
666
317
475
770
854
10
24
339
253
835
627
201
193
620
952
29
674
586
509
934
307
626
981
476
49
275
876
730
793
714
212
330
345
789
183
101
3
921
758
755
630
959
65
735
853
5
464
894
267
737
137
714
879
108
179
755
301
452
811
429
5
922
813
783
376
553
860
507
269
859
199
346
785
618
428
405
344
733
567
130
785
844
670
211
361
783
713
682
752
231
333
517
692
477
34
178
730
699
818
44
178
664
955
46
787
192
998
799
47
274
904
255
712
892
601
946
243
36
324
219
740
56
758
914
770
905
227
273
588
419
269
307
516
968
470
934
227
685
880
362
557
765
274
714
646
589
278
51
798
617
153
195
657
653
955
500
842
741
784
497
473
128
462
280
290
651
632
376
272
385
696
415
502
446
594
968
665
539
437
767
408
184
370
597
205
800
389
375
582
337
417
413
443
354
994
670
241
646
959
658
982
801
175
344
454
312
459
490
6
549
820
606
839
531
342
438
981
943
46
761
273
200
192
187
235
849
869
203
12
860
970
156
923
969
284
182
294
215
563
542
796
322
740
219
721
966
500
554
361
51
409
533
208
202
619
119
538
790
243
947
406
206
51
142
312
716
993
980
19
300
927
128
493
998
704
10
546
564
683
626
722
255
427
443
946
734
96
759
34
484
216
600
276
606
479
153
991
123
821
812
494
148
887
621
387
493
664
950
567
221
330
660
590
35
991
355
550
625
629
278
705
630
970
625
956
478
219
746
807
565
27
901
93
149
571
15
518
979
685
149
724
128
717
199
746
319
314
479
892
930
657
14
987
978
163
633
847
311
984
15
106
180
700
639
994
749
405
14
276
142
426
485
988
274
760
531
986
577
307
172
263
291
71
982
817
585
66
68
644
674
500
77
193
231
954
394
751
593
868
273
18
937
627
643
121
200
151
180
964
56
968
188
734
171
316
697
951
850
536
304
805
345
858
460
701
793
511
133
436
534
672
5
563
738
98
431
362
977
14
721
803
647
206
956
27
111
721
57
157
486
665
871
760
751
51
506
233
839
471
165
340
284
409
3
335
814
765
849
22
825
425
198
979
825
102
573
867
371
553
263
576
595
128
829
790
519
4
452
863
821
300
264
27
482
439
877
502
70
962
426
297
284
107
919
54
381
125
640
758
495
246
243
485
674
965
614
289
300
351
820
238
542
404
898
422
423
861
676
231
239
729
750
501
150
385
264
586
509
136
329
963
453
415
935
821
696
304
214
687
365
913
352
538
527
827
252
775
128
444
465
39
490
58
500
249
912
537
486
25
583
155
35
464
653
268
903
189
177
655
668
431
703
828
982
402
536
680
145
693
927
383
161
9
359
399
602
244
17
103
41
333
420
560
218
721
501
818
99
716
770
162
593
612
314
706
874
259
208
73
363
771
687
69
170
887
367
503
375
655
680
430
599
140
919
199
513
653
271
819
509
970
10
881
440
127
72
525
717
483
799
169
689
89
76
491
870
470
177
903
683
973
568
415
361
272
978
129
322
772
266
153
749
687
437
379
945
70
203
902
527
513
7
885
61
144
470
387
529
145
74
183
348
843
611
885
852
995
493
965
194
613
767
40
494
653
683
792
559
510
442
671
648
131
586
355
791
828
658
656
647
971
116
615
840
608
996
854
150
450
385
487
576
311
98
254
577
877
35
941
116
129
816
858
420
921
657
339
642
13
910
417
402
867
853
35
616
780
698
876
751
440
542
64
858
953
76
669
959
775
791
883
818
173
265
777
508
391
9
771
164
368
115
586
214
988
256
63
222
975
179
266
244
594
487
845
577
505
440
106
809
648
904
492
792
320
571
485
250
469
716
587
230
258
225
328
282
566
565
378
189
736
261
281
113
73
941
496
848
874
59
189
425
718
99
68
826
945
565
624
296
137
141
555
157
227
802
329
377
577
345
672
740
419
402
699
3
475
515
336
201
374
619
653
720
208
